{
 "cells": [
  {
   "cell_type": "code",
   "execution_count": 53,
   "id": "57ffcb37-c2a6-4024-be61-98bddbdcbb7e",
   "metadata": {},
   "outputs": [],
   "source": [
    "import pandas as pd\n",
    "df = pd.read_excel('DataSets/Dry_Bean_Dataset.xlsx')\n",
    "df2 = df.set_index(keys=['Area','Eccentricity'],drop=True,append=False,inplace=True)\n"
   ]
  },
  {
   "cell_type": "code",
   "execution_count": 48,
   "id": "1fb0fac3-a625-4c60-9ea9-add060c36ea5",
   "metadata": {},
   "outputs": [
    {
     "data": {
      "text/plain": [
       "count    10.00000\n",
       "mean      4.50000\n",
       "std       3.02765\n",
       "min       0.00000\n",
       "25%       2.25000\n",
       "50%       4.50000\n",
       "75%       6.75000\n",
       "max       9.00000\n",
       "dtype: float64"
      ]
     },
     "execution_count": 48,
     "metadata": {},
     "output_type": "execute_result"
    }
   ],
   "source": [
    "import pandas as pd\n",
    "s = pd.Series(data=[i for i in range(10)], index= [i for i in range(10,20)])\n",
    "# type(s),len(s), dir(s), sorted(s)\n",
    "dict(s)\n",
    "s.describe()"
   ]
  },
  {
   "cell_type": "code",
   "execution_count": 85,
   "id": "db16926b-56c6-4a5a-a257-e6663a2e9276",
   "metadata": {},
   "outputs": [
    {
     "data": {
      "text/html": [
       "<div>\n",
       "<style scoped>\n",
       "    .dataframe tbody tr th:only-of-type {\n",
       "        vertical-align: middle;\n",
       "    }\n",
       "\n",
       "    .dataframe tbody tr th {\n",
       "        vertical-align: top;\n",
       "    }\n",
       "\n",
       "    .dataframe thead th {\n",
       "        text-align: right;\n",
       "    }\n",
       "</style>\n",
       "<table border=\"1\" class=\"dataframe\">\n",
       "  <thead>\n",
       "    <tr style=\"text-align: right;\">\n",
       "      <th></th>\n",
       "      <th>City_Code</th>\n",
       "      <th>State_Code</th>\n",
       "    </tr>\n",
       "  </thead>\n",
       "  <tbody>\n",
       "    <tr>\n",
       "      <th>0</th>\n",
       "      <td>CT04</td>\n",
       "      <td>ST24</td>\n",
       "    </tr>\n",
       "    <tr>\n",
       "      <th>1</th>\n",
       "      <td>CT06</td>\n",
       "      <td>ST22</td>\n",
       "    </tr>\n",
       "    <tr>\n",
       "      <th>2</th>\n",
       "      <td>CT07</td>\n",
       "      <td>ST13</td>\n",
       "    </tr>\n",
       "    <tr>\n",
       "      <th>3</th>\n",
       "      <td>CT08</td>\n",
       "      <td>ST29</td>\n",
       "    </tr>\n",
       "    <tr>\n",
       "      <th>4</th>\n",
       "      <td>CT09</td>\n",
       "      <td>ST34</td>\n",
       "    </tr>\n",
       "    <tr>\n",
       "      <th>5</th>\n",
       "      <td>CT10</td>\n",
       "      <td>ST12</td>\n",
       "    </tr>\n",
       "    <tr>\n",
       "      <th>6</th>\n",
       "      <td>CT11</td>\n",
       "      <td>ST07</td>\n",
       "    </tr>\n",
       "    <tr>\n",
       "      <th>7</th>\n",
       "      <td>CT12</td>\n",
       "      <td>ST28</td>\n",
       "    </tr>\n",
       "    <tr>\n",
       "      <th>8</th>\n",
       "      <td>CT13</td>\n",
       "      <td>ST04</td>\n",
       "    </tr>\n",
       "    <tr>\n",
       "      <th>9</th>\n",
       "      <td>CT14</td>\n",
       "      <td>ST07</td>\n",
       "    </tr>\n",
       "  </tbody>\n",
       "</table>\n",
       "</div>"
      ],
      "text/plain": [
       "  City_Code State_Code\n",
       "0      CT04       ST24\n",
       "1      CT06       ST22\n",
       "2      CT07       ST13\n",
       "3      CT08       ST29\n",
       "4      CT09       ST34\n",
       "5      CT10       ST12\n",
       "6      CT11       ST07\n",
       "7      CT12       ST28\n",
       "8      CT13       ST04\n",
       "9      CT14       ST07"
      ]
     },
     "execution_count": 85,
     "metadata": {},
     "output_type": "execute_result"
    }
   ],
   "source": [
    "import pandas as pd\n",
    "df = pd.read_csv('DataSets/cars/City_Master.csv', header=0, usecols=[0,2], nrows=10,skiprows=[1,2,3,5],)\n",
    "df"
   ]
  },
  {
   "cell_type": "code",
   "execution_count": 86,
   "id": "3c74538e-d785-40f0-bc1c-c99e3d9627cd",
   "metadata": {},
   "outputs": [
    {
     "data": {
      "text/html": [
       "<div>\n",
       "<style scoped>\n",
       "    .dataframe tbody tr th:only-of-type {\n",
       "        vertical-align: middle;\n",
       "    }\n",
       "\n",
       "    .dataframe tbody tr th {\n",
       "        vertical-align: top;\n",
       "    }\n",
       "\n",
       "    .dataframe thead th {\n",
       "        text-align: right;\n",
       "    }\n",
       "</style>\n",
       "<table border=\"1\" class=\"dataframe\">\n",
       "  <thead>\n",
       "    <tr style=\"text-align: right;\">\n",
       "      <th></th>\n",
       "      <th></th>\n",
       "      <th></th>\n",
       "      <th>JAN</th>\n",
       "      <th>FEB</th>\n",
       "      <th>MAR</th>\n",
       "      <th>APR</th>\n",
       "      <th>JUN</th>\n",
       "      <th>JUL</th>\n",
       "      <th>AUG</th>\n",
       "      <th>SEP</th>\n",
       "      <th>OCT</th>\n",
       "      <th>NOV</th>\n",
       "    </tr>\n",
       "    <tr>\n",
       "      <th>YEAR</th>\n",
       "      <th>DEC</th>\n",
       "      <th>MAY</th>\n",
       "      <th></th>\n",
       "      <th></th>\n",
       "      <th></th>\n",
       "      <th></th>\n",
       "      <th></th>\n",
       "      <th></th>\n",
       "      <th></th>\n",
       "      <th></th>\n",
       "      <th></th>\n",
       "      <th></th>\n",
       "    </tr>\n",
       "  </thead>\n",
       "  <tbody>\n",
       "    <tr>\n",
       "      <th>1992</th>\n",
       "      <th>155504.0</th>\n",
       "      <th>149015</th>\n",
       "      <td>146913</td>\n",
       "      <td>147270</td>\n",
       "      <td>146831</td>\n",
       "      <td>148082</td>\n",
       "      <td>149821</td>\n",
       "      <td>150809</td>\n",
       "      <td>151064</td>\n",
       "      <td>152595</td>\n",
       "      <td>153577</td>\n",
       "      <td>153605</td>\n",
       "    </tr>\n",
       "    <tr>\n",
       "      <th>1993</th>\n",
       "      <th>168101.0</th>\n",
       "      <th>160624</th>\n",
       "      <td>157525</td>\n",
       "      <td>156292</td>\n",
       "      <td>154774</td>\n",
       "      <td>158996</td>\n",
       "      <td>160171</td>\n",
       "      <td>162832</td>\n",
       "      <td>162491</td>\n",
       "      <td>163285</td>\n",
       "      <td>164711</td>\n",
       "      <td>166593</td>\n",
       "    </tr>\n",
       "    <tr>\n",
       "      <th>1994</th>\n",
       "      <th>181492.0</th>\n",
       "      <th>172340</th>\n",
       "      <td>167504</td>\n",
       "      <td>169652</td>\n",
       "      <td>172775</td>\n",
       "      <td>173099</td>\n",
       "      <td>174307</td>\n",
       "      <td>174801</td>\n",
       "      <td>177289</td>\n",
       "      <td>178776</td>\n",
       "      <td>180569</td>\n",
       "      <td>180695</td>\n",
       "    </tr>\n",
       "    <tr>\n",
       "      <th>1995</th>\n",
       "      <th>190809.0</th>\n",
       "      <th>183543</th>\n",
       "      <td>182423</td>\n",
       "      <td>179472</td>\n",
       "      <td>180996</td>\n",
       "      <td>181702</td>\n",
       "      <td>186088</td>\n",
       "      <td>185470</td>\n",
       "      <td>186814</td>\n",
       "      <td>187338</td>\n",
       "      <td>186546</td>\n",
       "      <td>189052</td>\n",
       "    </tr>\n",
       "    <tr>\n",
       "      <th>1996</th>\n",
       "      <th>201191.0</th>\n",
       "      <th>196210</th>\n",
       "      <td>189167</td>\n",
       "      <td>192269</td>\n",
       "      <td>193993</td>\n",
       "      <td>194712</td>\n",
       "      <td>196127</td>\n",
       "      <td>196229</td>\n",
       "      <td>196215</td>\n",
       "      <td>198843</td>\n",
       "      <td>200488</td>\n",
       "      <td>200200</td>\n",
       "    </tr>\n",
       "    <tr>\n",
       "      <th>1997</th>\n",
       "      <th>209379.0</th>\n",
       "      <th>201676</th>\n",
       "      <td>202414</td>\n",
       "      <td>204273</td>\n",
       "      <td>204965</td>\n",
       "      <td>203372</td>\n",
       "      <td>204666</td>\n",
       "      <td>207049</td>\n",
       "      <td>207643</td>\n",
       "      <td>208298</td>\n",
       "      <td>208064</td>\n",
       "      <td>208982</td>\n",
       "    </tr>\n",
       "    <tr>\n",
       "      <th>1998</th>\n",
       "      <th>223226.0</th>\n",
       "      <th>214619</th>\n",
       "      <td>209684</td>\n",
       "      <td>209532</td>\n",
       "      <td>210792</td>\n",
       "      <td>213623</td>\n",
       "      <td>216324</td>\n",
       "      <td>214853</td>\n",
       "      <td>213669</td>\n",
       "      <td>215712</td>\n",
       "      <td>219465</td>\n",
       "      <td>221150</td>\n",
       "    </tr>\n",
       "    <tr>\n",
       "      <th>1999</th>\n",
       "      <th>245498.0</th>\n",
       "      <th>231238</th>\n",
       "      <td>224020</td>\n",
       "      <td>226240</td>\n",
       "      <td>227407</td>\n",
       "      <td>228978</td>\n",
       "      <td>231926</td>\n",
       "      <td>233933</td>\n",
       "      <td>236589</td>\n",
       "      <td>237516</td>\n",
       "      <td>237560</td>\n",
       "      <td>240462</td>\n",
       "    </tr>\n",
       "    <tr>\n",
       "      <th>2000</th>\n",
       "      <th>250603.0</th>\n",
       "      <th>246225</th>\n",
       "      <td>243483</td>\n",
       "      <td>247133</td>\n",
       "      <td>249847</td>\n",
       "      <td>245789</td>\n",
       "      <td>248178</td>\n",
       "      <td>247184</td>\n",
       "      <td>247601</td>\n",
       "      <td>251812</td>\n",
       "      <td>251267</td>\n",
       "      <td>250225</td>\n",
       "    </tr>\n",
       "    <tr>\n",
       "      <th>2001</th>\n",
       "      <th>256552.0</th>\n",
       "      <th>255262</th>\n",
       "      <td>252736</td>\n",
       "      <td>252730</td>\n",
       "      <td>250346</td>\n",
       "      <td>254759</td>\n",
       "      <td>254020</td>\n",
       "      <td>253015</td>\n",
       "      <td>254570</td>\n",
       "      <td>249856</td>\n",
       "      <td>268072</td>\n",
       "      <td>260363</td>\n",
       "    </tr>\n",
       "    <tr>\n",
       "      <th>2002</th>\n",
       "      <th>265802.0</th>\n",
       "      <th>257616</th>\n",
       "      <td>256376</td>\n",
       "      <td>257677</td>\n",
       "      <td>257060</td>\n",
       "      <td>261320</td>\n",
       "      <td>259815</td>\n",
       "      <td>262811</td>\n",
       "      <td>264975</td>\n",
       "      <td>260650</td>\n",
       "      <td>262011</td>\n",
       "      <td>263559</td>\n",
       "    </tr>\n",
       "    <tr>\n",
       "      <th>2003</th>\n",
       "      <th>277567.0</th>\n",
       "      <th>267347</th>\n",
       "      <td>267276</td>\n",
       "      <td>263199</td>\n",
       "      <td>267842</td>\n",
       "      <td>267240</td>\n",
       "      <td>270432</td>\n",
       "      <td>273393</td>\n",
       "      <td>277901</td>\n",
       "      <td>276413</td>\n",
       "      <td>274779</td>\n",
       "      <td>278322</td>\n",
       "    </tr>\n",
       "    <tr>\n",
       "      <th>2004</th>\n",
       "      <th>299766.0</th>\n",
       "      <th>288250</th>\n",
       "      <td>278884</td>\n",
       "      <td>280966</td>\n",
       "      <td>286232</td>\n",
       "      <td>282971</td>\n",
       "      <td>284146</td>\n",
       "      <td>287341</td>\n",
       "      <td>287909</td>\n",
       "      <td>293177</td>\n",
       "      <td>295055</td>\n",
       "      <td>296178</td>\n",
       "    </tr>\n",
       "    <tr>\n",
       "      <th>2005</th>\n",
       "      <th>313107.0</th>\n",
       "      <th>301572</th>\n",
       "      <td>297728</td>\n",
       "      <td>299986</td>\n",
       "      <td>299958</td>\n",
       "      <td>304710</td>\n",
       "      <td>311171</td>\n",
       "      <td>314562</td>\n",
       "      <td>309404</td>\n",
       "      <td>310084</td>\n",
       "      <td>311034</td>\n",
       "      <td>313282</td>\n",
       "    </tr>\n",
       "    <tr>\n",
       "      <th>2006</th>\n",
       "      <th>327600.0</th>\n",
       "      <th>321283</th>\n",
       "      <td>322795</td>\n",
       "      <td>319887</td>\n",
       "      <td>321428</td>\n",
       "      <td>322769</td>\n",
       "      <td>322795</td>\n",
       "      <td>325038</td>\n",
       "      <td>324913</td>\n",
       "      <td>323029</td>\n",
       "      <td>322747</td>\n",
       "      <td>323367</td>\n",
       "    </tr>\n",
       "    <tr>\n",
       "      <th>2007</th>\n",
       "      <th>336829.0</th>\n",
       "      <th>333889</th>\n",
       "      <td>326922</td>\n",
       "      <td>327893</td>\n",
       "      <td>330819</td>\n",
       "      <td>329256</td>\n",
       "      <td>331164</td>\n",
       "      <td>332620</td>\n",
       "      <td>333824</td>\n",
       "      <td>336431</td>\n",
       "      <td>337090</td>\n",
       "      <td>340383</td>\n",
       "    </tr>\n",
       "    <tr>\n",
       "      <th>2008</th>\n",
       "      <th>293959.0</th>\n",
       "      <th>337383</th>\n",
       "      <td>337274</td>\n",
       "      <td>334469</td>\n",
       "      <td>334559</td>\n",
       "      <td>336101</td>\n",
       "      <td>338832</td>\n",
       "      <td>336771</td>\n",
       "      <td>334481</td>\n",
       "      <td>327779</td>\n",
       "      <td>314828</td>\n",
       "      <td>302285</td>\n",
       "    </tr>\n",
       "    <tr>\n",
       "      <th>2009</th>\n",
       "      <th>308501.0</th>\n",
       "      <th>297060</th>\n",
       "      <td>298565</td>\n",
       "      <td>297933</td>\n",
       "      <td>292857</td>\n",
       "      <td>293419</td>\n",
       "      <td>301671</td>\n",
       "      <td>302901</td>\n",
       "      <td>309581</td>\n",
       "      <td>301199</td>\n",
       "      <td>303962</td>\n",
       "      <td>307190</td>\n",
       "    </tr>\n",
       "    <tr>\n",
       "      <th>2010</th>\n",
       "      <th>329974.0</th>\n",
       "      <th>315985</th>\n",
       "      <td>309140</td>\n",
       "      <td>308807</td>\n",
       "      <td>316242</td>\n",
       "      <td>318115</td>\n",
       "      <td>315379</td>\n",
       "      <td>315716</td>\n",
       "      <td>317501</td>\n",
       "      <td>320346</td>\n",
       "      <td>324941</td>\n",
       "      <td>327271</td>\n",
       "    </tr>\n",
       "    <tr>\n",
       "      <th>2011</th>\n",
       "      <th>349714.0</th>\n",
       "      <th>339664</th>\n",
       "      <td>332752</td>\n",
       "      <td>334679</td>\n",
       "      <td>338207</td>\n",
       "      <td>339991</td>\n",
       "      <td>341859</td>\n",
       "      <td>342554</td>\n",
       "      <td>342093</td>\n",
       "      <td>345332</td>\n",
       "      <td>348631</td>\n",
       "      <td>349723</td>\n",
       "    </tr>\n",
       "    <tr>\n",
       "      <th>2012</th>\n",
       "      <th>365669.0</th>\n",
       "      <th>356256</th>\n",
       "      <td>352598</td>\n",
       "      <td>357278</td>\n",
       "      <td>359189</td>\n",
       "      <td>356541</td>\n",
       "      <td>352397</td>\n",
       "      <td>354292</td>\n",
       "      <td>358479</td>\n",
       "      <td>362886</td>\n",
       "      <td>362014</td>\n",
       "      <td>363393</td>\n",
       "    </tr>\n",
       "    <tr>\n",
       "      <th>2013</th>\n",
       "      <th>377425.0</th>\n",
       "      <th>370671</th>\n",
       "      <td>367676</td>\n",
       "      <td>372573</td>\n",
       "      <td>369575</td>\n",
       "      <td>368614</td>\n",
       "      <td>372894</td>\n",
       "      <td>374280</td>\n",
       "      <td>372768</td>\n",
       "      <td>373610</td>\n",
       "      <td>374196</td>\n",
       "      <td>374691</td>\n",
       "    </tr>\n",
       "    <tr>\n",
       "      <th>2014</th>\n",
       "      <th>387188.0</th>\n",
       "      <th>385572</th>\n",
       "      <td>373036</td>\n",
       "      <td>377666</td>\n",
       "      <td>382356</td>\n",
       "      <td>385855</td>\n",
       "      <td>388226</td>\n",
       "      <td>387541</td>\n",
       "      <td>389924</td>\n",
       "      <td>388478</td>\n",
       "      <td>390183</td>\n",
       "      <td>392426</td>\n",
       "    </tr>\n",
       "    <tr>\n",
       "      <th>2015</th>\n",
       "      <th>NaN</th>\n",
       "      <th>392268</th>\n",
       "      <td>383889</td>\n",
       "      <td>381432</td>\n",
       "      <td>387665</td>\n",
       "      <td>387235</td>\n",
       "      <td>391955</td>\n",
       "      <td>395100</td>\n",
       "      <td>394944</td>\n",
       "      <td>394429</td>\n",
       "      <td>394562</td>\n",
       "      <td>395160</td>\n",
       "    </tr>\n",
       "  </tbody>\n",
       "</table>\n",
       "</div>"
      ],
      "text/plain": [
       "                         JAN     FEB     MAR     APR     JUN     JUL     AUG  \\\n",
       "YEAR DEC      MAY                                                              \n",
       "1992 155504.0 149015  146913  147270  146831  148082  149821  150809  151064   \n",
       "1993 168101.0 160624  157525  156292  154774  158996  160171  162832  162491   \n",
       "1994 181492.0 172340  167504  169652  172775  173099  174307  174801  177289   \n",
       "1995 190809.0 183543  182423  179472  180996  181702  186088  185470  186814   \n",
       "1996 201191.0 196210  189167  192269  193993  194712  196127  196229  196215   \n",
       "1997 209379.0 201676  202414  204273  204965  203372  204666  207049  207643   \n",
       "1998 223226.0 214619  209684  209532  210792  213623  216324  214853  213669   \n",
       "1999 245498.0 231238  224020  226240  227407  228978  231926  233933  236589   \n",
       "2000 250603.0 246225  243483  247133  249847  245789  248178  247184  247601   \n",
       "2001 256552.0 255262  252736  252730  250346  254759  254020  253015  254570   \n",
       "2002 265802.0 257616  256376  257677  257060  261320  259815  262811  264975   \n",
       "2003 277567.0 267347  267276  263199  267842  267240  270432  273393  277901   \n",
       "2004 299766.0 288250  278884  280966  286232  282971  284146  287341  287909   \n",
       "2005 313107.0 301572  297728  299986  299958  304710  311171  314562  309404   \n",
       "2006 327600.0 321283  322795  319887  321428  322769  322795  325038  324913   \n",
       "2007 336829.0 333889  326922  327893  330819  329256  331164  332620  333824   \n",
       "2008 293959.0 337383  337274  334469  334559  336101  338832  336771  334481   \n",
       "2009 308501.0 297060  298565  297933  292857  293419  301671  302901  309581   \n",
       "2010 329974.0 315985  309140  308807  316242  318115  315379  315716  317501   \n",
       "2011 349714.0 339664  332752  334679  338207  339991  341859  342554  342093   \n",
       "2012 365669.0 356256  352598  357278  359189  356541  352397  354292  358479   \n",
       "2013 377425.0 370671  367676  372573  369575  368614  372894  374280  372768   \n",
       "2014 387188.0 385572  373036  377666  382356  385855  388226  387541  389924   \n",
       "2015 NaN      392268  383889  381432  387665  387235  391955  395100  394944   \n",
       "\n",
       "                         SEP     OCT     NOV  \n",
       "YEAR DEC      MAY                             \n",
       "1992 155504.0 149015  152595  153577  153605  \n",
       "1993 168101.0 160624  163285  164711  166593  \n",
       "1994 181492.0 172340  178776  180569  180695  \n",
       "1995 190809.0 183543  187338  186546  189052  \n",
       "1996 201191.0 196210  198843  200488  200200  \n",
       "1997 209379.0 201676  208298  208064  208982  \n",
       "1998 223226.0 214619  215712  219465  221150  \n",
       "1999 245498.0 231238  237516  237560  240462  \n",
       "2000 250603.0 246225  251812  251267  250225  \n",
       "2001 256552.0 255262  249856  268072  260363  \n",
       "2002 265802.0 257616  260650  262011  263559  \n",
       "2003 277567.0 267347  276413  274779  278322  \n",
       "2004 299766.0 288250  293177  295055  296178  \n",
       "2005 313107.0 301572  310084  311034  313282  \n",
       "2006 327600.0 321283  323029  322747  323367  \n",
       "2007 336829.0 333889  336431  337090  340383  \n",
       "2008 293959.0 337383  327779  314828  302285  \n",
       "2009 308501.0 297060  301199  303962  307190  \n",
       "2010 329974.0 315985  320346  324941  327271  \n",
       "2011 349714.0 339664  345332  348631  349723  \n",
       "2012 365669.0 356256  362886  362014  363393  \n",
       "2013 377425.0 370671  373610  374196  374691  \n",
       "2014 387188.0 385572  388478  390183  392426  \n",
       "2015 NaN      392268  394429  394562  395160  "
      ]
     },
     "execution_count": 86,
     "metadata": {},
     "output_type": "execute_result"
    }
   ],
   "source": [
    "# Set index\n",
    "import pandas as pd\n",
    "df = pd.read_csv('DataSets/census.csv', sep=',')\n",
    "df.set_index(keys=['YEAR','DEC','MAY'], drop=True, append=False,inplace=False)\n"
   ]
  },
  {
   "cell_type": "code",
   "execution_count": 63,
   "id": "a136f427-650d-45b4-8a67-ade8cd6debde",
   "metadata": {},
   "outputs": [
    {
     "data": {
      "text/html": [
       "<div>\n",
       "<style scoped>\n",
       "    .dataframe tbody tr th:only-of-type {\n",
       "        vertical-align: middle;\n",
       "    }\n",
       "\n",
       "    .dataframe tbody tr th {\n",
       "        vertical-align: top;\n",
       "    }\n",
       "\n",
       "    .dataframe thead th {\n",
       "        text-align: right;\n",
       "    }\n",
       "</style>\n",
       "<table border=\"1\" class=\"dataframe\">\n",
       "  <thead>\n",
       "    <tr style=\"text-align: right;\">\n",
       "      <th></th>\n",
       "      <th></th>\n",
       "      <th>JAN</th>\n",
       "      <th>FEB</th>\n",
       "      <th>MAR</th>\n",
       "      <th>APR</th>\n",
       "      <th>MAY</th>\n",
       "      <th>JUL</th>\n",
       "      <th>AUG</th>\n",
       "      <th>SEP</th>\n",
       "      <th>OCT</th>\n",
       "      <th>NOV</th>\n",
       "    </tr>\n",
       "    <tr>\n",
       "      <th>JUN</th>\n",
       "      <th>DEC</th>\n",
       "      <th></th>\n",
       "      <th></th>\n",
       "      <th></th>\n",
       "      <th></th>\n",
       "      <th></th>\n",
       "      <th></th>\n",
       "      <th></th>\n",
       "      <th></th>\n",
       "      <th></th>\n",
       "      <th></th>\n",
       "    </tr>\n",
       "  </thead>\n",
       "  <tbody>\n",
       "    <tr>\n",
       "      <th>149821</th>\n",
       "      <th>155504.0</th>\n",
       "      <td>146913</td>\n",
       "      <td>147270</td>\n",
       "      <td>146831</td>\n",
       "      <td>148082</td>\n",
       "      <td>149015</td>\n",
       "      <td>150809</td>\n",
       "      <td>151064</td>\n",
       "      <td>152595</td>\n",
       "      <td>153577</td>\n",
       "      <td>153605</td>\n",
       "    </tr>\n",
       "    <tr>\n",
       "      <th>160171</th>\n",
       "      <th>168101.0</th>\n",
       "      <td>157525</td>\n",
       "      <td>156292</td>\n",
       "      <td>154774</td>\n",
       "      <td>158996</td>\n",
       "      <td>160624</td>\n",
       "      <td>162832</td>\n",
       "      <td>162491</td>\n",
       "      <td>163285</td>\n",
       "      <td>164711</td>\n",
       "      <td>166593</td>\n",
       "    </tr>\n",
       "    <tr>\n",
       "      <th>174307</th>\n",
       "      <th>181492.0</th>\n",
       "      <td>167504</td>\n",
       "      <td>169652</td>\n",
       "      <td>172775</td>\n",
       "      <td>173099</td>\n",
       "      <td>172340</td>\n",
       "      <td>174801</td>\n",
       "      <td>177289</td>\n",
       "      <td>178776</td>\n",
       "      <td>180569</td>\n",
       "      <td>180695</td>\n",
       "    </tr>\n",
       "    <tr>\n",
       "      <th>186088</th>\n",
       "      <th>190809.0</th>\n",
       "      <td>182423</td>\n",
       "      <td>179472</td>\n",
       "      <td>180996</td>\n",
       "      <td>181702</td>\n",
       "      <td>183543</td>\n",
       "      <td>185470</td>\n",
       "      <td>186814</td>\n",
       "      <td>187338</td>\n",
       "      <td>186546</td>\n",
       "      <td>189052</td>\n",
       "    </tr>\n",
       "    <tr>\n",
       "      <th>196127</th>\n",
       "      <th>201191.0</th>\n",
       "      <td>189167</td>\n",
       "      <td>192269</td>\n",
       "      <td>193993</td>\n",
       "      <td>194712</td>\n",
       "      <td>196210</td>\n",
       "      <td>196229</td>\n",
       "      <td>196215</td>\n",
       "      <td>198843</td>\n",
       "      <td>200488</td>\n",
       "      <td>200200</td>\n",
       "    </tr>\n",
       "    <tr>\n",
       "      <th>204666</th>\n",
       "      <th>209379.0</th>\n",
       "      <td>202414</td>\n",
       "      <td>204273</td>\n",
       "      <td>204965</td>\n",
       "      <td>203372</td>\n",
       "      <td>201676</td>\n",
       "      <td>207049</td>\n",
       "      <td>207643</td>\n",
       "      <td>208298</td>\n",
       "      <td>208064</td>\n",
       "      <td>208982</td>\n",
       "    </tr>\n",
       "    <tr>\n",
       "      <th>216324</th>\n",
       "      <th>223226.0</th>\n",
       "      <td>209684</td>\n",
       "      <td>209532</td>\n",
       "      <td>210792</td>\n",
       "      <td>213623</td>\n",
       "      <td>214619</td>\n",
       "      <td>214853</td>\n",
       "      <td>213669</td>\n",
       "      <td>215712</td>\n",
       "      <td>219465</td>\n",
       "      <td>221150</td>\n",
       "    </tr>\n",
       "    <tr>\n",
       "      <th>231926</th>\n",
       "      <th>245498.0</th>\n",
       "      <td>224020</td>\n",
       "      <td>226240</td>\n",
       "      <td>227407</td>\n",
       "      <td>228978</td>\n",
       "      <td>231238</td>\n",
       "      <td>233933</td>\n",
       "      <td>236589</td>\n",
       "      <td>237516</td>\n",
       "      <td>237560</td>\n",
       "      <td>240462</td>\n",
       "    </tr>\n",
       "    <tr>\n",
       "      <th>248178</th>\n",
       "      <th>250603.0</th>\n",
       "      <td>243483</td>\n",
       "      <td>247133</td>\n",
       "      <td>249847</td>\n",
       "      <td>245789</td>\n",
       "      <td>246225</td>\n",
       "      <td>247184</td>\n",
       "      <td>247601</td>\n",
       "      <td>251812</td>\n",
       "      <td>251267</td>\n",
       "      <td>250225</td>\n",
       "    </tr>\n",
       "    <tr>\n",
       "      <th>254020</th>\n",
       "      <th>256552.0</th>\n",
       "      <td>252736</td>\n",
       "      <td>252730</td>\n",
       "      <td>250346</td>\n",
       "      <td>254759</td>\n",
       "      <td>255262</td>\n",
       "      <td>253015</td>\n",
       "      <td>254570</td>\n",
       "      <td>249856</td>\n",
       "      <td>268072</td>\n",
       "      <td>260363</td>\n",
       "    </tr>\n",
       "    <tr>\n",
       "      <th>259815</th>\n",
       "      <th>265802.0</th>\n",
       "      <td>256376</td>\n",
       "      <td>257677</td>\n",
       "      <td>257060</td>\n",
       "      <td>261320</td>\n",
       "      <td>257616</td>\n",
       "      <td>262811</td>\n",
       "      <td>264975</td>\n",
       "      <td>260650</td>\n",
       "      <td>262011</td>\n",
       "      <td>263559</td>\n",
       "    </tr>\n",
       "    <tr>\n",
       "      <th>270432</th>\n",
       "      <th>277567.0</th>\n",
       "      <td>267276</td>\n",
       "      <td>263199</td>\n",
       "      <td>267842</td>\n",
       "      <td>267240</td>\n",
       "      <td>267347</td>\n",
       "      <td>273393</td>\n",
       "      <td>277901</td>\n",
       "      <td>276413</td>\n",
       "      <td>274779</td>\n",
       "      <td>278322</td>\n",
       "    </tr>\n",
       "    <tr>\n",
       "      <th>284146</th>\n",
       "      <th>299766.0</th>\n",
       "      <td>278884</td>\n",
       "      <td>280966</td>\n",
       "      <td>286232</td>\n",
       "      <td>282971</td>\n",
       "      <td>288250</td>\n",
       "      <td>287341</td>\n",
       "      <td>287909</td>\n",
       "      <td>293177</td>\n",
       "      <td>295055</td>\n",
       "      <td>296178</td>\n",
       "    </tr>\n",
       "    <tr>\n",
       "      <th>311171</th>\n",
       "      <th>313107.0</th>\n",
       "      <td>297728</td>\n",
       "      <td>299986</td>\n",
       "      <td>299958</td>\n",
       "      <td>304710</td>\n",
       "      <td>301572</td>\n",
       "      <td>314562</td>\n",
       "      <td>309404</td>\n",
       "      <td>310084</td>\n",
       "      <td>311034</td>\n",
       "      <td>313282</td>\n",
       "    </tr>\n",
       "    <tr>\n",
       "      <th>322795</th>\n",
       "      <th>327600.0</th>\n",
       "      <td>322795</td>\n",
       "      <td>319887</td>\n",
       "      <td>321428</td>\n",
       "      <td>322769</td>\n",
       "      <td>321283</td>\n",
       "      <td>325038</td>\n",
       "      <td>324913</td>\n",
       "      <td>323029</td>\n",
       "      <td>322747</td>\n",
       "      <td>323367</td>\n",
       "    </tr>\n",
       "    <tr>\n",
       "      <th>331164</th>\n",
       "      <th>336829.0</th>\n",
       "      <td>326922</td>\n",
       "      <td>327893</td>\n",
       "      <td>330819</td>\n",
       "      <td>329256</td>\n",
       "      <td>333889</td>\n",
       "      <td>332620</td>\n",
       "      <td>333824</td>\n",
       "      <td>336431</td>\n",
       "      <td>337090</td>\n",
       "      <td>340383</td>\n",
       "    </tr>\n",
       "    <tr>\n",
       "      <th>338832</th>\n",
       "      <th>293959.0</th>\n",
       "      <td>337274</td>\n",
       "      <td>334469</td>\n",
       "      <td>334559</td>\n",
       "      <td>336101</td>\n",
       "      <td>337383</td>\n",
       "      <td>336771</td>\n",
       "      <td>334481</td>\n",
       "      <td>327779</td>\n",
       "      <td>314828</td>\n",
       "      <td>302285</td>\n",
       "    </tr>\n",
       "    <tr>\n",
       "      <th>301671</th>\n",
       "      <th>308501.0</th>\n",
       "      <td>298565</td>\n",
       "      <td>297933</td>\n",
       "      <td>292857</td>\n",
       "      <td>293419</td>\n",
       "      <td>297060</td>\n",
       "      <td>302901</td>\n",
       "      <td>309581</td>\n",
       "      <td>301199</td>\n",
       "      <td>303962</td>\n",
       "      <td>307190</td>\n",
       "    </tr>\n",
       "    <tr>\n",
       "      <th>315379</th>\n",
       "      <th>329974.0</th>\n",
       "      <td>309140</td>\n",
       "      <td>308807</td>\n",
       "      <td>316242</td>\n",
       "      <td>318115</td>\n",
       "      <td>315985</td>\n",
       "      <td>315716</td>\n",
       "      <td>317501</td>\n",
       "      <td>320346</td>\n",
       "      <td>324941</td>\n",
       "      <td>327271</td>\n",
       "    </tr>\n",
       "    <tr>\n",
       "      <th>341859</th>\n",
       "      <th>349714.0</th>\n",
       "      <td>332752</td>\n",
       "      <td>334679</td>\n",
       "      <td>338207</td>\n",
       "      <td>339991</td>\n",
       "      <td>339664</td>\n",
       "      <td>342554</td>\n",
       "      <td>342093</td>\n",
       "      <td>345332</td>\n",
       "      <td>348631</td>\n",
       "      <td>349723</td>\n",
       "    </tr>\n",
       "    <tr>\n",
       "      <th>352397</th>\n",
       "      <th>365669.0</th>\n",
       "      <td>352598</td>\n",
       "      <td>357278</td>\n",
       "      <td>359189</td>\n",
       "      <td>356541</td>\n",
       "      <td>356256</td>\n",
       "      <td>354292</td>\n",
       "      <td>358479</td>\n",
       "      <td>362886</td>\n",
       "      <td>362014</td>\n",
       "      <td>363393</td>\n",
       "    </tr>\n",
       "    <tr>\n",
       "      <th>372894</th>\n",
       "      <th>377425.0</th>\n",
       "      <td>367676</td>\n",
       "      <td>372573</td>\n",
       "      <td>369575</td>\n",
       "      <td>368614</td>\n",
       "      <td>370671</td>\n",
       "      <td>374280</td>\n",
       "      <td>372768</td>\n",
       "      <td>373610</td>\n",
       "      <td>374196</td>\n",
       "      <td>374691</td>\n",
       "    </tr>\n",
       "    <tr>\n",
       "      <th>388226</th>\n",
       "      <th>387188.0</th>\n",
       "      <td>373036</td>\n",
       "      <td>377666</td>\n",
       "      <td>382356</td>\n",
       "      <td>385855</td>\n",
       "      <td>385572</td>\n",
       "      <td>387541</td>\n",
       "      <td>389924</td>\n",
       "      <td>388478</td>\n",
       "      <td>390183</td>\n",
       "      <td>392426</td>\n",
       "    </tr>\n",
       "    <tr>\n",
       "      <th>391955</th>\n",
       "      <th>NaN</th>\n",
       "      <td>383889</td>\n",
       "      <td>381432</td>\n",
       "      <td>387665</td>\n",
       "      <td>387235</td>\n",
       "      <td>392268</td>\n",
       "      <td>395100</td>\n",
       "      <td>394944</td>\n",
       "      <td>394429</td>\n",
       "      <td>394562</td>\n",
       "      <td>395160</td>\n",
       "    </tr>\n",
       "  </tbody>\n",
       "</table>\n",
       "</div>"
      ],
      "text/plain": [
       "                    JAN     FEB     MAR     APR     MAY     JUL     AUG  \\\n",
       "JUN    DEC                                                                \n",
       "149821 155504.0  146913  147270  146831  148082  149015  150809  151064   \n",
       "160171 168101.0  157525  156292  154774  158996  160624  162832  162491   \n",
       "174307 181492.0  167504  169652  172775  173099  172340  174801  177289   \n",
       "186088 190809.0  182423  179472  180996  181702  183543  185470  186814   \n",
       "196127 201191.0  189167  192269  193993  194712  196210  196229  196215   \n",
       "204666 209379.0  202414  204273  204965  203372  201676  207049  207643   \n",
       "216324 223226.0  209684  209532  210792  213623  214619  214853  213669   \n",
       "231926 245498.0  224020  226240  227407  228978  231238  233933  236589   \n",
       "248178 250603.0  243483  247133  249847  245789  246225  247184  247601   \n",
       "254020 256552.0  252736  252730  250346  254759  255262  253015  254570   \n",
       "259815 265802.0  256376  257677  257060  261320  257616  262811  264975   \n",
       "270432 277567.0  267276  263199  267842  267240  267347  273393  277901   \n",
       "284146 299766.0  278884  280966  286232  282971  288250  287341  287909   \n",
       "311171 313107.0  297728  299986  299958  304710  301572  314562  309404   \n",
       "322795 327600.0  322795  319887  321428  322769  321283  325038  324913   \n",
       "331164 336829.0  326922  327893  330819  329256  333889  332620  333824   \n",
       "338832 293959.0  337274  334469  334559  336101  337383  336771  334481   \n",
       "301671 308501.0  298565  297933  292857  293419  297060  302901  309581   \n",
       "315379 329974.0  309140  308807  316242  318115  315985  315716  317501   \n",
       "341859 349714.0  332752  334679  338207  339991  339664  342554  342093   \n",
       "352397 365669.0  352598  357278  359189  356541  356256  354292  358479   \n",
       "372894 377425.0  367676  372573  369575  368614  370671  374280  372768   \n",
       "388226 387188.0  373036  377666  382356  385855  385572  387541  389924   \n",
       "391955 NaN       383889  381432  387665  387235  392268  395100  394944   \n",
       "\n",
       "                    SEP     OCT     NOV  \n",
       "JUN    DEC                               \n",
       "149821 155504.0  152595  153577  153605  \n",
       "160171 168101.0  163285  164711  166593  \n",
       "174307 181492.0  178776  180569  180695  \n",
       "186088 190809.0  187338  186546  189052  \n",
       "196127 201191.0  198843  200488  200200  \n",
       "204666 209379.0  208298  208064  208982  \n",
       "216324 223226.0  215712  219465  221150  \n",
       "231926 245498.0  237516  237560  240462  \n",
       "248178 250603.0  251812  251267  250225  \n",
       "254020 256552.0  249856  268072  260363  \n",
       "259815 265802.0  260650  262011  263559  \n",
       "270432 277567.0  276413  274779  278322  \n",
       "284146 299766.0  293177  295055  296178  \n",
       "311171 313107.0  310084  311034  313282  \n",
       "322795 327600.0  323029  322747  323367  \n",
       "331164 336829.0  336431  337090  340383  \n",
       "338832 293959.0  327779  314828  302285  \n",
       "301671 308501.0  301199  303962  307190  \n",
       "315379 329974.0  320346  324941  327271  \n",
       "341859 349714.0  345332  348631  349723  \n",
       "352397 365669.0  362886  362014  363393  \n",
       "372894 377425.0  373610  374196  374691  \n",
       "388226 387188.0  388478  390183  392426  \n",
       "391955 NaN       394429  394562  395160  "
      ]
     },
     "execution_count": 63,
     "metadata": {},
     "output_type": "execute_result"
    }
   ],
   "source": [
    "# Reset index\n",
    "import pandas as pd\n",
    "df = pd.read_csv('DataSets/census.csv', sep=',')\n",
    "df = df.set_index(keys=['YEAR','JUN','DEC'], )\n",
    "df.index\n",
    "\n",
    "df.reset_index(level='YEAR', drop=True, inplace=True)"
   ]
  },
  {
   "cell_type": "code",
   "execution_count": 70,
   "id": "c3b611be-c449-485c-9063-7fb34352d146",
   "metadata": {},
   "outputs": [
    {
     "data": {
      "text/html": [
       "<div>\n",
       "<style scoped>\n",
       "    .dataframe tbody tr th:only-of-type {\n",
       "        vertical-align: middle;\n",
       "    }\n",
       "\n",
       "    .dataframe tbody tr th {\n",
       "        vertical-align: top;\n",
       "    }\n",
       "\n",
       "    .dataframe thead th {\n",
       "        text-align: right;\n",
       "    }\n",
       "</style>\n",
       "<table border=\"1\" class=\"dataframe\">\n",
       "  <thead>\n",
       "    <tr style=\"text-align: right;\">\n",
       "      <th></th>\n",
       "      <th>age</th>\n",
       "      <th>gender</th>\n",
       "      <th>bmi</th>\n",
       "      <th>children</th>\n",
       "      <th>smoker</th>\n",
       "      <th>region</th>\n",
       "      <th>charges</th>\n",
       "    </tr>\n",
       "  </thead>\n",
       "  <tbody>\n",
       "    <tr>\n",
       "      <th>1</th>\n",
       "      <td>18</td>\n",
       "      <td>male</td>\n",
       "      <td>33.770</td>\n",
       "      <td>1</td>\n",
       "      <td>no</td>\n",
       "      <td>southeast</td>\n",
       "      <td>1725.55230</td>\n",
       "    </tr>\n",
       "    <tr>\n",
       "      <th>2</th>\n",
       "      <td>28</td>\n",
       "      <td>male</td>\n",
       "      <td>33.000</td>\n",
       "      <td>3</td>\n",
       "      <td>no</td>\n",
       "      <td>southeast</td>\n",
       "      <td>4449.46200</td>\n",
       "    </tr>\n",
       "    <tr>\n",
       "      <th>3</th>\n",
